9989573
996938143
996694995
996604587
993099270
99138408
98741430
983407383
983297110
983036890
982574687
982204830
981267080
980549613
980348686
980080702
979707787
978889187
977856116
976207298
974746352
974238197
972598996
972449106
971995582
971982596
971884300
971445096
969993325
969138839
9681468
965629973
963617351
963313524
961350107
960565624
960472482
958186957
957919102
954445140
95441513
95312347
951402124
949310691
947716959
945645416
94302269
939558108
939473694
937971247
936233838
935727059
934921194
934914780
932269183
932048623
930201816
929041889
928188893
927700543
925277770
9251209
924363299
923994800
923333503
923017835
920572719
919680596
916253052
915615960
915349761
914917544
912424981
912189507
9112575
910568509
910531958
910484502
908765144
907274532
907215837
904261233
903697947
903464207
903080
9006534
898895092
898706186
896731809
896703700
896522230
896405982
895689659
895417886
894781162
894610380
894513081
893990872
893664092
893335152
892085563
892075352
88137099
87997637
879827630
879675643
878684353
876915588
8762218
875469342
873581531
872728122
872723999
871346747
870944228
870331942
86939950
86801829
867877186
867468837
865581497
864458581
864270083
863356299
86194921
861138181
860344780
857276153
854236220
853488156
852133656
851668663
851462419
851223969
851110276
85110082
851035203
848211170
846651656
844798010
844315639
843865781
843822508
842772844
842763762
83987559
837795744
837633677
837590673
837193102
837055744
836067939
835714651
835580702
83262879
83094854
827970893
827685836
827481089
827157854
827098249
824377901
824017239
823890165
822637256
821338860
821258496
821089258
820852002
8206673
820393117
819388906
81802102
815695510
815553543
815551282
814742571
813376292
812716296
812707373
812521768
812370096
810769649
810579996
810316129
809804093
809451989
80761741
806641926
806471466
806321554
805322418
805211473
799972572
798764472
79590007
794937171
794600658
793347799
792409020
792103979
792027350
79187416
791768518
791493016
790902240
790709592
790413305
787839657
786832076
786186944
784865321
784611361
783902642
783335944
779772351
779487935
778323309
778051238
775769630
775679542
774070635
773919878
77358897
772572194
771750807
771321527
770855942
769824740
769421001
767935610
767525375
767275048
765651791
765175651
764295360
76416847
763419070
76293111
760802925
759177395
759162529
757461768
757433089
757248228
75562091
754536261
754101775
748845236
748481599
747261942
746383984
746296590
745798096
745723923
745221877
744154725
744029845
743551974
741080719
740845696
740790166
740745093
739326399
736947283
734491960
732386624
731314565
731137336
729894823
729334946
727172284
724428344
721794930
719916168
719901656
719576343
719235492
718888600
718803871
718305088
718008392
717950989
717437753
715671966
71555572
712090080
710746310
709205164
708817493
706644200
705105029
703813698
702634670
695952505
695571515
695325102
694428550
693614965
691233225
690541337
690431413
690080300
68255042
6771316
676931854
67670238
675427561
674962264
674723
674638182
674061875
672381992
670837371
670675473
670457768
66650936
659899592
657672853
653392026
652627976
652581055
651976093
651369488
649882107
6493550
648937283
648885261
648392704
646154945
645631686
645248882
64324613
642995790
641798730
64134800
6379863
6372622
63388
63349072
6334167
632750081
627443839
627398721
627277482
624843426
623528985
619370209
619084532
613961636
61196135
61114099
610512839
609426035
605075847
604919936
604872817
604603443
604387995
604313052
603556434
6034949
603028699
599445607
598274157
597985317
597547758
597127908
597059013
596798639
595928473
595171801
594737121
594659879
593912993
593402583
59224146
591894800
58307867
58169382
58066875
578775365
578642210
578362346
5755913
574878649
573205107
569964801
564344869
564028361
563643443
562629704
5622934
55720396
554636126
554301430
554051084
553889841
553859445
55354517
553141516
551187613
5485554
547886514
547532794
547207484
5471769
54691295
546468918
546336902
545886131
545881075
544977389
54469707
544389697
543552409
54351514
543259736
543171106
541241544
540584128
53945072
536576763
536204988
53590260
535792976
535261431
535129101
532981719
531918009
531908902
530872206
530264127
52994391
52745909
52719340
526923971
526877001
526453770
526404483
526208395
526194989
525559804
524817973
52404891
523812162
523551862
522184585
52210968
517756027
516249528
516205607
515575174
515400883
51412708
514081681
514052737
513460837
512871740
512592863
5097677
507600396
506777673
504796082
50408663
504001056
503617690
502399499
499438463
498501258
49751953
496934328
496924980
496470042
496013218
493828404
493475695
491443146
490836924
490703705
490612004
490526787
490081539
487099406
484539115
481215209
478207789
477713032
474956804
474304957
474072281
474043595
473808382
472948538
472260043
471620401
471558465
470862989
470795679
470276559
46838722
466928773
46625113
466069165
465027687
464740
463364272
462525725
461784132
460865591
4604404
460186709
459830045
459807456
454452293
454442917
453920869
453907336
453515806
453465955
452985064
451453592
451223847
450554370
450082337
448976580
448437341
448177445
448079224
447944390
445316774
445044628
444954571
44480466
4446987
444588365
443766445
441274636
438576572
429491367
429445725
42936481
42760305
426711929
425362142
422800820
422761446
421496142
421487415
421391112
420741948
420552547
419644560
418575930
418305938
417106046
415836669
415308644
414377410
414109829
413806083
413345731
412595942
410566413
410547658
410377712
409669098
408997137
408668252
408633695
407245524
407185033
406999665
406853323
405059886
404886235
404287804
403666704
403199621
39905349
398163660
397988793
397695998
396640321
395804652
395194514
395046871
394959590
394811055
393384793
39233571
390997355
389875033
389179740
389172946
38827534
386701882
383991557
383854294
383082640
383042466
382803899
381661
381202684
38083371
380357892
380308097
380249315
379273045
378695970
378676401
376596398
374413301
373698180
373652394
372425710
370891880
365842750
365491041
365358940
365060311
362860648
36284438
361716600
361646630
361613493
361022391
360281843
36002582
359963174
359801807
359712623
358906309
358253635
357906878
357638535
354905749
353957175
3527341791
352717846
3517869842
349832318
349624832
349071257
348408257
34753792
346370945
3460754722
3460093989
3457732773
3457006392
3456607927
3448018322
344593137
344551412
344468043
3440453856
344044625
343493690
343359771
3427958059
3425565080
342129019
3420545891
342024838
3411933624
3409899830
3407699808
3407125
3402803784
3396322070
339605552
33957776
3395658400
3395589734
3390709002
3385128327
33823347
337909143
3375928249
3372841846
33653188
33616745
3355974669
3355423376
335444189
3351738368
334724941
3345562485
3344269539
3334954421
332719434
332397740
3322651724
3321192680
331859282
331616234
3314281929
331381180
3312695610
3311816820
330711342
33018944
3290271705
3288843404
327806883
3277181512
3275182868
326292726
3258089154
3245284410
3243302714
3229669425
321520663
3198545520
317822276
316466575
316020336
3157222710
314927879
3136708231
3134113869
313124885
313114925
312969034
312968869
312657743
3114981569
3112704004
3105927220
310374867
3094991068
309212810
3086285689
308444582
3082319702
308132579
307928282
307860278
307858467
307670168
307296247
307206934
3071519757
3068965319
306799844
306779575
306633123
3066309842
305815850
305721480
3050813487
305039273
304868217
3046532833
3038943378
303404348
3028924948
3026392581
3024246563
301652
2996917197
2993895632
2985717140
2980985113
296839136
2964434371
2961959702
295984047
295657113
2953979588
2948077652
2942967215
294193845
2941403079
2927767773
2917993846
2915483695
29113358
290719428
290559038
2902702156
289928528
289812262
2896457811
2893042848
2889325736
2881795405
2881495525
287106800
286056245
285477134
2851140018
2850840227
2850501192
284944196
284798996
2846901494
284302104
2840892093
2833531338
283348024
2832880358
282671973
2821123913
282080335
281952182
2818753708
281008102
281006617
2809860184
280853553
2802992512
2802178909
280084132
2799417455
279835182
279803099
277807296
2776470081
276891970
2768881880
276754498
2767487773
2766478497
276080398
274938032
274668122
2745302963
2738387073
2733143
273309890
272846319
272753632
27253634
271239624
271166974
2705833120
27050828
270317490
269214019
2687916943
2678278451
2675142924
267065839
2662407934
2655450457
2655254920
2654709623
26542701
26530806
2651749714
2645093061
2643392939
2638094233
2633585966
2625695617
2625035112
2621633663
261504093
2589753406
2584758586
2583795664
2565612428
2564692806
2562763980
2556648159
2548829450
254864791
254636593
25463204
2544669318
2538199445
252825916
252185674
2510711346
25010944
249866567
2490693407
249009460
2488809638
2479974939
2472843170
2467529454
245908530
2453433605
245269465
245211156
2450254596
244946911
2448465083
2448389622
2444383196
244290862
24428353
2442157861
243774064
2437619030
2434871705
243368674
2433097548
2432603465
243252406
2426595849
2425872283
2422606568
24115536
240692280
240362143
240103268
2392777403
2390693872
237743275
237586329
2374169865
2371643861
2371159591
2368640663
2368030424
236244781
2360009108
2358235456
2355816966
2351559708
23442866
2331323937
2318343008
2317744862
23162174
229505755
229445819
2290737420
228844797
2287769248
228226092
2278674367
2274295174
2265223593
2263260462
225493987
2253538281
224876879
2243241355
2239508307
2232772559
2224041406
2213826090
2212352289
2209933733
2206096841
2175388540
2165572147
2164567686
215527630
2153517521
2146099620
2119126039
2115602599
2112367356
2112295088
2111896980
2108299319
2102484322
20937133
2092831392
2090976185
208604814
2078952805
207565069
2072463567
207098257
2066343961
2059398229
2057684282
2051275977
2033487213
2028567203
2015460694
201255854
1990398497
1984534268
1977278880
1974655618
1965241871
1956989616
1953705297
1953498222
1953488110
1953228944
19506044
1935003414
1932501456
1931330336
1930363377
1928355178
1924747955
1918512478
191758704
191614541
191587348
1914279252
191226139
1905225240
190404628
190227296
1900633464
189174944
1877765526
187006205
1850926
184895067
1848518093
1847091580
183053777
1826740343
182387096
1823670953
182108803
1820405927
1806885990
1806168045
1806067661
179979163
179888513
179711964
179296198
1792201958
1791759684
1786572058
1783713928
1770467028
1766891049
1762913598
1751611250
1750686723
1741934501
1737160311
17354001
173386747
1724219199
1719662073
171861323
17100191
16829249
1668767598
1664316263
1657776088
1653378611
1650647522
1650101127
164936203
1647863807
1635107431
1632813240
1622287769
1619103368
1617236025
1607747906
1606940100
15972801
1584628886
1583226162
1582565986
1580033233
157887420
15731534
1571383942
1565173645
156187485
1554428225
1553764889
155098507
154945901
1546951793
1545003210
15448510
1531913496
153126664
153126436
153107899
1528054090
1526095574
1523489580
152309246
1522272434
151851965
151695122
1507655812
1506661312
1503678575
1500645993
149967524
1489573464
1487315598
1480965030
147893145
1478825484
1467264608
1466128781
1464902157
14644082
1454211684
1453619666
1447434601
1442943634
1436747139
1430140259
1427309720
1422895128
1418271449
1417714681
1414632002
1409093701
1401354763
1400639419
1400356547
139965659
1397628000
1378871037
1378778506
137876205
137856735
1377699228
137725630
1377107189
1375931311
1374983133
13684587
1367233166
1366508190
136591450
136367734
136045277
1352879857
1352514601
1352345519
1348694603
1341701776
1336685035
1330897645
1330090221
1329581074
1328559667
1324663728
1322681361
1321152584
1317247652
1310347371
1309205318
130666617
1302674345
130170017
1292964530
1292884179
1290695331
1282399562
1282197655
1279650886
1277558190
1277544502
1275758603
1272048973
1263567419
1263200557
1259481020
1258444549
1257428583
1257099678
1256196844
1253266284
1250081261
1246340666
1241765081
12404839
123454866
123439867
1228723136
122851572
1224244071
1220311414
121898629
121462043
1214305351
121317631
1213102123
1210097516
1208116027
120734101
1204141617
1204007548
1203460788
120316918
1198624567
1197596604
119623061
1193350132
1191577401
119093621
11883296
1186273936
1184697601
1181837486
1175055857
1169841950
1169606711
1165290590
1163830149
1163763632
116096253
1160663315
1160142632
1156141327
1150222555
1149984527
1149643983
1149375821
1148944150
1148728004
1144247432
1144173048
1144068715
1140563408
1138139787
1135882483
1132224346
1132029301
1129805572
1129770833
1127177044
1127173874
1123602594
1121853070
1114015121
1105074497
1097155131
1095326028
1094807717
1092685127
1090930627
1076281814
1076069228
1074216264
1071591272
1071535401
1065800800
1065677419
1065314800
1061449734
106116872
106051897
1060343434
1056800800
1056671843
1056314703
1056089794
1053759177
1053618636
1051590646
1051268077
1049835279
1049551785
1049236563
1048417686
1048358945
1047530524
1047380194
1044563728
1043869116
1043115293
1042523916
1042514088
1039917730
1036187561
1034996580
1034255644
1032769528
1032209500
1031317806
102902934
1028864925
1025583836
1024788184
1023826863
1023094814
1021905700
1021481665
1020333639
1020047874
1019491985
1015877902
1015502007
1015122682
1010770669
1010466788
1010254915
10071487
1005123867
100270811
222222222