var hq_str_sh600097sh600108sh600257sh60026="";
var hq_str_sh600097="开创国际,16.350,16.190,16.210,16.590,16.180,16.210,16.220,5700648,93336071.000,16375,16.210,14400,16.200,22200,16.190,20300,16.180,20600,16.170,15185,16.220,100,16.230,7600,16.250,1000,16.270,1500,16.280,2016-07-07,15:00:00,00";
var hq_str_sh600108="亚盛集团,5.240,5.250,5.230,5.250,5.170,5.220,5.230,37570377,195817632.000,115600,5.220,197900,5.210,528200,5.200,314800,5.190,271000,5.180,7000,5.230,228772,5.240,835050,5.250,617667,5.260,273000,5.270,2016-07-07,15:00:00,00";
var hq_str_sh600257="大湖股份,11.370,11.420,11.470,11.560,11.110,11.470,11.480,19311555,219258352.000,76700,11.470,60600,11.460,29500,11.450,16300,11.440,15200,11.430,70650,11.480,89200,11.490,159000,11.500,18100,11.510,73800,11.520,2016-07-07,15:00:00,00";
var hq_str_sh600265="*ST景谷,26.300,26.010,26.100,26.440,25.800,26.060,26.190,540817,14092455.000,800,26.060,1300,26.040,1600,26.010,10000,26.000,400,25.950,5150,26.190,40800,26.200,1500,26.230,400,26.240,3000,26.280,2016-07-07,15:00:00,00";
var hq_str_sh600354="敦煌种业,8.350,8.370,8.450,8.550,8.280,8.440,8.450,18175829,153320489.000,18500,8.440,15700,8.430,39200,8.420,19299,8.410,23900,8.400,77000,8.450,168800,8.460,22800,8.470,90210,8.480,71700,8.490,2016-07-07,15:00:00,00";
var hq_str_sh600359="新农开发,10.810,10.870,11.170,11.340,10.510,11.180,11.190,44178609,485643069.000,146100,11.180,12300,11.170,21400,11.160,27100,11.150,2200,11.140,125400,11.190,175501,11.200,71300,11.210,90500,11.220,31600,11.230,2016-07-07,15:00:00,00";
var hq_str_sh600371="万向德农,16.200,16.190,16.440,16.500,16.090,16.440,16.460,5320486,86936718.000,30000,16.440,500,16.430,14600,16.420,200,16.410,2700,16.400,9200,16.460,8400,16.470,11500,16.480,17400,16.490,90200,16.500,2016-07-07,15:00:00,00";
var hq_str_sh600467="好当家,4.600,4.350,4.790,4.790,4.500,4.790,0.000,110407195,522921549.000,26183186,4.790,224900,4.780,182900,4.770,86200,4.760,311900,4.750,0,0.000,0,0.000,0,0.000,0,0.000,0,0.000,2016-07-07,15:00:00,00";
var hq_str_sh600506="香梨股份,22.680,22.680,23.030,23.250,22.580,23.040,23.050,1654528,38033933.000,3000,23.040,500,23.030,2100,22.980,2000,22.970,10000,22.960,3416,23.050,13600,23.060,5300,23.070,8900,23.080,8900,23.090,2016-07-07,15:00:00,00";
var hq_str_sh600540="新赛股份,0.000,7.780,7.780,0.000,0.000,0.000,0.000,0,0.000,0,0.000,0,0.000,0,0.000,0,0.000,0,0.000,0,0.000,0,0.000,0,0.000,0,0.000,0,0.000,2016-07-07,15:00:00,03";
var hq_str_sh600598="北大荒,10.990,11.060,11.040,11.240,10.930,11.050,11.060,29352293,325998762.000,17800,11.050,4600,11.040,27400,11.030,35386,11.020,34400,11.010,108900,11.060,54400,11.070,67800,11.080,6200,11.090,7500,11.100,2016-07-07,15:00:00,00";
var hq_str_sh600965="福成股份,13.190,13.240,13.250,13.630,13.190,13.250,13.260,6060646,81295329.000,14600,13.250,73900,13.240,104000,13.230,2500,13.210,44400,13.200,4900,13.260,100,13.270,2500,13.280,12200,13.290,13100,13.300,2016-07-07,15:00:00,00";
var hq_str_sh600975="新五丰,10.630,10.620,10.240,10.640,10.050,10.310,10.330,87575354,898587670.000,16731,10.310,3000,10.200,17900,10.190,11000,10.180,17400,10.170,19567,10.330,14000,10.340,81400,10.350,29800,10.360,35300,10.370,2016-07-07,15:00:00,00";
var hq_str_sh601118="海南橡胶,6.090,6.120,6.070,6.270,6.000,6.060,6.070,71435560,437486409.000,154400,6.060,401400,6.050,85600,6.040,194900,6.030,204800,6.020,376100,6.070,987804,6.080,79400,6.090,77300,6.100,196589,6.110,2016-07-07,15:00:00,00";
var hq_str_sh600028="中国石化,4.780,4.790,4.800,4.810,4.770,4.790,4.800,67930162,325808539.000,980280,4.790,1064500,4.780,1093500,4.770,780600,4.760,1451800,4.750,12700,4.800,3594956,4.810,3172150,4.820,3223330,4.830,1814224,4.840,2016-07-07,15:00:00,00";
var hq_str_sh600121="郑州煤电,4.930,4.920,4.930,4.980,4.910,4.930,4.940,9303809,45970416.000,45800,4.930,238000,4.920,122400,4.910,119600,4.900,333600,4.890,52000,4.940,187667,4.950,263900,4.960,106400,4.970,145729,4.980,2016-07-07,15:00:00,00";
var hq_str_sh600123="兰花科创,7.460,7.440,7.490,7.620,7.430,7.490,7.500,29566008,222182349.000,21700,7.490,125633,7.480,44300,7.470,107300,7.460,167000,7.450,38475,7.500,60600,7.510,155090,7.520,348500,7.530,93248,7.540,2016-07-07,15:00:00,00";
var hq_str_sh600139="西部资源,0.000,12.310,12.310,0.000,0.000,0.000,0.000,0,0.000,0,0.000,0,0.000,0,0.000,0,0.000,0,0.000,0,0.000,0,0.000,0,0.000,0,0.000,0,0.000,2016-07-07,15:00:00,03";
var hq_str_sh600157="永泰能源,4.050,4.040,4.080,4.110,4.020,4.080,4.090,50143732,203829926.000,150200,4.080,824642,4.070,543160,4.060,1062049,4.050,682046,4.040,1192570,4.090,1775112,4.100,1115920,4.110,1057450,4.120,921250,4.130,2016-07-07,15:00:00,00";
var hq_str_sh600188="兖州煤业,12.410,12.580,12.400,12.850,12.160,12.400,12.440,17353239,215915498.000,8500,12.400,36923,12.390,1100,12.370,3200,12.360,4700,12.350,10681,12.440,42500,12.450,600,12.460,1700,12.470,16600,12.480,2016-07-07,15:00:00,00";
var hq_str_sh600193="创兴资源,12.650,12.650,12.990,13.390,12.580,12.980,12.990,48308815,628594586.000,19600,12.980,55000,12.970,45400,12.960,64600,12.950,53800,12.940,45400,12.990,215924,13.000,13975,13.010,16900,13.020,19700,13.030,2016-07-07,15:00:00,00";
var hq_str_sh600259="广晟有色,62.950,62.950,63.750,67.980,62.500,63.720,63.730,18176363,1184459706.000,4000,63.720,3700,63.710,7300,63.700,600,63.690,3700,63.680,9584,63.730,500,63.740,100,63.760,9100,63.770,14400,63.780,2016-07-07,15:00:00,00";
var hq_str_sh600311="荣华实业,7.040,7.020,7.430,7.720,6.910,7.420,7.430,108018010,798590827.000,30819,7.420,221004,7.410,221200,7.400,85100,7.390,190400,7.380,47200,7.430,150130,7.440,155200,7.450,35000,7.460,65447,7.470,2016-07-07,15:00:00,00";
var hq_str_sh600348="阳泉煤业,6.760,6.760,6.870,7.060,6.730,6.870,6.880,36172922,250858891.000,55799,6.870,42261,6.860,103800,6.850,85600,6.840,122700,6.830,14000,6.880,38000,6.900,33600,6.910,36766,6.920,75100,6.930,2016-07-07,15:00:00,00";
var hq_str_sh600395="盘江股份,8.750,8.810,8.880,9.080,8.710,8.880,8.890,26089785,231894534.000,106407,8.880,26666,8.870,26300,8.860,11900,8.850,13100,8.840,89700,8.890,135700,8.900,27551,8.910,76734,8.920,285400,8.930,2016-07-07,15:00:00,00";
var hq_str_sh600397="安源煤业,4.580,4.590,4.600,4.680,4.560,4.590,4.600,20047273,92618879.000,175400,4.590,178500,4.580,89000,4.570,138200,4.560,96100,4.550,153236,4.600,144900,4.610,49100,4.620,108900,4.630,139326,4.640,2016-07-07,15:00:00,00";
var hq_str_sh600403="大有能源,6.050,6.050,6.150,6.190,6.010,6.140,6.150,11088224,67752273.000,91300,6.140,32000,6.130,30875,6.120,15500,6.110,26900,6.100,55713,6.150,218400,6.160,106800,6.170,260500,6.180,144400,6.190,2016-07-07,15:00:00,00";
var hq_str_sh600489="中金黄金,13.640,13.310,14.640,14.640,13.540,14.640,0.000,241628441,3438243178.000,7599966,14.640,51400,14.630,26700,14.620,115557,14.610,130000,14.600,0,0.000,0,0.000,0,0.000,0,0.000,0,0.000,2016-07-07,15:00:00,00";
var hq_str_sh600497="驰宏锌锗,0.000,9.970,9.970,0.000,0.000,0.000,0.000,0,0.000,0,0.000,0,0.000,0,0.000,0,0.000,0,0.000,0,0.000,0,0.000,0,0.000,0,0.000,0,0.000,2016-07-07,15:00:00,03";
var hq_str_sh600508="上海能源,9.480,9.500,9.520,9.580,9.470,9.520,9.530,5856558,55794891.000,72200,9.520,13400,9.510,85700,9.500,47400,9.490,53395,9.480,5000,9.530,9300,9.540,100003,9.550,93050,9.560,92600,9.570,2016-07-07,15:00:00,00";
var hq_str_sh600532="宏达矿业,16.900,16.840,17.580,17.700,16.700,17.560,17.570,8927322,154937596.000,13300,17.560,20272,17.550,29100,17.520,31000,17.510,3700,17.500,3500,17.570,44756,17.590,78600,17.600,34400,17.610,24600,17.620,2016-07-07,15:00:00,00";
var hq_str_sh600547="山东黄金,47.030,46.990,48.210,50.980,46.130,48.170,48.180,77487101,3773776190.000,5200,48.170,9700,48.160,25000,48.150,2400,48.140,500,48.130,13051,48.180,3000,48.200,7200,48.210,900,48.220,900,48.230,2016-07-07,15:00:00,00";
var hq_str_sh600583="海油工程,7.110,7.120,7.090,7.140,7.050,7.080,7.090,21540915,152598729.000,103400,7.080,353700,7.070,131900,7.060,246000,7.050,122800,7.040,1600,7.090,345973,7.100,335500,7.110,325400,7.120,225100,7.130,2016-07-07,15:00:00,00";
var hq_str_sh600711="盛屯矿业,8.330,8.330,8.460,9.090,8.120,8.440,8.450,159133913,1382121670.000,56300,8.440,76300,8.430,25700,8.420,52500,8.410,444200,8.400,25200,8.450,3800,8.460,197845,8.470,157900,8.480,103600,8.490,2016-07-07,15:00:00,00";
var hq_str_sh600714="金瑞矿业,13.390,13.580,13.650,14.190,13.290,13.660,13.670,22249720,304612132.000,6000,13.660,19000,13.650,10700,13.640,28100,13.630,25100,13.620,9100,13.670,78600,13.680,3300,13.690,26500,13.700,33200,13.710,2016-07-07,15:00:00,00";
var hq_str_sh600766="园城黄金,15.780,15.790,16.170,16.980,15.390,16.170,16.180,34118836,554195202.000,3000,16.170,66590,16.160,45330,16.150,17300,16.140,6300,16.130,44711,16.180,8800,16.190,13300,16.200,1800,16.210,1650,16.220,2016-07-07,15:00:00,00";
var hq_str_sh600871="石化油服,3.870,3.870,3.860,3.880,3.820,3.850,3.860,44748873,172325050.000,495800,3.850,1220200,3.840,980200,3.830,1013000,3.820,745700,3.810,487900,3.860,1882400,3.870,2164243,3.880,1260200,3.890,1867600,3.900,2016-07-07,15:00:00,00";
var hq_str_sh600882="华联矿业,10.480,10.380,10.750,10.850,10.420,10.760,10.770,10000374,107268169.000,20300,10.760,33700,10.750,7022,10.740,13400,10.730,6400,10.720,6600,10.770,7200,10.780,5000,10.790,29000,10.800,17100,10.810,2016-07-07,15:00:00,00";
var hq_str_sh600971="恒源煤电,5.780,5.800,5.920,5.970,5.770,5.900,5.940,28607634,168476572.000,29700,5.900,33200,5.890,91300,5.880,11200,5.870,61300,5.860,1100,5.940,342207,5.950,141887,5.960,138200,5.970,346800,5.980,2016-07-07,15:00:00,00";
var hq_str_sh600988="赤峰黄金,20.550,20.500,21.080,22.390,20.100,21.110,21.120,75932876,1611607779.000,1000,21.110,31100,21.100,5000,21.090,12900,21.080,31700,21.070,1300,21.120,27500,21.130,1800,21.140,8600,21.150,15800,21.160,2016-07-07,15:00:00,00";
var hq_str_sh601001="大同煤业,5.710,5.730,5.780,5.910,5.680,5.780,5.790,33384819,193965126.000,6500,5.780,230200,5.770,98200,5.760,284500,5.750,42500,5.740,45500,5.790,214800,5.800,19600,5.810,67737,5.820,15900,5.830,2016-07-07,15:00:00,00";
var hq_str_sh601069="西部黄金,27.000,26.730,28.190,29.400,26.390,28.170,28.180,71067546,1993969565.000,4900,28.170,1400,28.160,4834,28.150,300,28.140,4000,28.130,700,28.180,7700,28.190,22000,28.200,17100,28.210,77000,28.220,2016-07-07,15:00:00,00";
var hq_str_sh601088="中国神华,14.320,14.290,14.330,14.460,14.250,14.320,14.330,14412584,207021752.000,6661,14.320,63100,14.310,70495,14.300,109700,14.290,19900,14.280,2000,14.330,10839,14.340,118050,14.350,9000,14.360,8800,14.370,2016-07-07,15:00:00,00";
var hq_str_sh601101="昊华能源,6.600,6.600,6.650,6.710,6.580,6.650,6.660,7927986,52806208.000,300,6.650,32680,6.640,26300,6.630,85600,6.620,126600,6.610,65500,6.660,61019,6.670,137600,6.680,119100,6.690,147081,6.700,2016-07-07,15:00:00,00";
var hq_str_sh601168="西部矿业,0.000,5.930,5.930,0.000,0.000,0.000,0.000,0,0.000,0,0.000,0,0.000,0,0.000,0,0.000,0,0.000,0,0.000,0,0.000,0,0.000,0,0.000,0,0.000,2016-07-07,15:00:00,03";
var hq_str_sh601225="陕西煤业,5.760,5.780,5.730,6.050,5.680,5.740,5.750,36503598,214065551.000,600,5.740,248300,5.730,1250200,5.720,61200,5.710,255401,5.700,41000,5.750,13300,5.760,74400,5.770,75400,5.780,39994,5.790,2016-07-07,15:00:00,00";
var hq_str_sh601666="平煤股份,4.260,4.270,4.290,4.340,4.250,4.280,4.290,17269202,74135670.000,108408,4.280,105242,4.270,363200,4.260,92400,4.250,89000,4.240,136012,4.290,446512,4.300,303260,4.310,244448,4.320,244400,4.330,2016-07-07,15:00:00,00";
var hq_str_sh601699="潞安环能,7.130,7.100,7.100,7.340,7.050,7.100,7.110,41480441,297558303.000,283300,7.100,142720,7.090,483250,7.080,64100,7.070,72900,7.060,36000,7.110,105200,7.120,81500,7.130,91580,7.140,43100,7.150,2016-07-07,15:00:00,00";
var hq_str_sh601808="中海油服,12.400,12.390,12.340,12.430,12.290,12.340,12.350,5307053,65493632.000,500,12.340,80789,12.330,88700,12.320,53200,12.310,158000,12.300,19200,12.350,11700,12.360,22400,12.370,42301,12.380,41000,12.390,2016-07-07,15:00:00,00";
var hq_str_sh601857="中国石油,7.260,7.270,7.290,7.300,7.230,7.290,7.300,21218964,154217812.000,98230,7.290,332450,7.280,94739,7.270,167200,7.260,280900,7.250,1140904,7.300,1548150,7.310,666700,7.320,547700,7.330,387700,7.340,2016-07-07,15:00:00,00";
var hq_str_sh601898="中煤能源,5.450,5.500,5.450,5.570,5.420,5.450,5.460,14936372,81895107.000,7600,5.450,101577,5.440,272328,5.430,108700,5.420,116400,5.410,11050,5.460,24800,5.470,35300,5.480,37300,5.490,139250,5.500,2016-07-07,15:00:00,00";
var hq_str_sh601899="紫金矿业,0.000,3.680,3.680,0.000,0.000,0.000,0.000,0,0.000,0,0.000,0,0.000,0,0.000,0,0.000,0,0.000,0,0.000,0,0.000,0,0.000,0,0.000,0,0.000,2016-07-07,15:00:00,03";
var hq_str_sh601918="*ST新集,3.890,3.880,3.870,3.900,3.840,3.870,3.880,29659754,114616013.000,29405,3.870,344287,3.860,339200,3.850,289000,3.840,294500,3.830,666000,3.880,850100,3.890,769100,3.900,255491,3.910,426000,3.920,2016-07-07,15:00:00,00";
var hq_str_sh601958="金钼股份,8.720,8.770,8.900,9.350,8.710,8.890,8.900,56642737,511877962.000,26700,8.890,66900,8.880,28600,8.870,8500,8.860,59200,8.850,600,8.900,34800,8.910,98818,8.920,21300,8.930,21900,8.940,2016-07-07,15:00:00,00";
var hq_str_sh601969="海南矿业,11.810,11.880,11.990,12.300,11.720,11.970,11.980,8650903,104287496.000,11500,11.970,35400,11.960,32900,11.950,1500,11.930,13185,11.920,1650,11.980,7000,11.990,11142,12.000,2700,12.010,2900,12.020,2016-07-07,15:00:00,00";
var hq_str_sh603979="金诚信,24.850,25.030,25.150,25.500,24.600,25.140,25.150,9254518,231750692.000,2000,25.140,2300,25.130,19675,25.120,12600,25.110,4400,25.100,6000,25.150,24122,25.160,12300,25.170,19000,25.180,12700,25.190,2016-07-07,15:00:00,00";
var hq_str_sh603993="洛阳钼业,4.540,4.480,4.750,4.900,4.540,4.750,4.760,370681719,1763516501.000,688700,4.750,660847,4.740,381100,4.730,441800,4.720,578300,4.710,2385646,4.760,1097351,4.770,860750,4.780,876504,4.790,2423075,4.800,2016-07-07,15:00:00,00";
var hq_str_sh600005="武钢股份,0.000,2.760,2.760,0.000,0.000,0.000,0.000,0,0.000,0,0.000,0,0.000,0,0.000,0,0.000,0,0.000,0,0.000,0,0.000,0,0.000,0,0.000,0,0.000,2016-07-07,15:00:00,03";
var hq_str_sh600006="东风汽车,9.420,9.150,9.200,9.820,9.160,9.200,9.210,94320218,894207947.000,49000,9.200,40650,9.190,168900,9.180,37500,9.170,139100,9.160,88000,9.210,103696,9.220,57300,9.230,112500,9.240,193300,9.250,2016-07-07,15:00:00,00";
var hq_str_sh600010="包钢股份,2.900,2.900,2.950,3.010,2.890,2.940,2.950,217527615,643228146.000,800042,2.940,1987289,2.930,2430800,2.920,3803400,2.910,2527100,2.900,2423421,2.950,4949929,2.960,2952900,2.970,3908700,2.980,4412557,2.990,2016-07-07,15:00:00,00";
var hq_str_sh600019="宝钢股份,0.000,4.900,4.900,0.000,0.000,0.000,0.000,0,0.000,0,0.000,0,0.000,0,0.000,0,0.000,0,0.000,0,0.000,0,0.000,0,0.000,0,0.000,0,0.000,2016-07-07,15:00:00,03";
var hq_str_sh600022="山东钢铁,2.430,2.430,2.460,2.470,2.420,2.450,2.460,35856138,87815072.000,379063,2.450,1305100,2.440,1038500,2.430,842500,2.420,778800,2.410,3133586,2.460,2426287,2.470,1871487,2.480,1234000,2.490,1856135,2.500,2016-07-07,15:00:00,00";
var hq_str_sh600031="三一重工,5.220,5.230,5.220,5.230,5.170,5.210,5.220,25708933,133577670.000,59674,5.210,226400,5.200,246900,5.190,209600,5.180,380399,5.170,195528,5.220,526482,5.230,288900,5.240,301950,5.250,119100,5.260,2016-07-07,15:00:00,00";
var hq_str_sh600038="中直股份,46.640,46.660,46.120,46.640,45.150,46.110,46.120,8561619,392176420.000,2300,46.110,28506,46.090,300,46.080,200,46.050,800,46.040,100,46.120,3705,46.180,600,46.190,3700,46.200,500,46.210,2016-07-07,15:00:00,00";
var hq_str_sh600055="华润万东,17.670,17.640,18.320,18.350,17.610,18.300,18.320,10189320,183672715.000,6000,18.300,500,18.280,25000,18.270,4780,18.260,800,18.250,2660,18.320,15440,18.330,59140,18.340,12060,18.350,12200,18.360,2016-07-07,15:00:00,00";
var hq_str_sh600056="中国医药,16.580,16.500,16.510,16.680,16.350,16.510,16.520,6541280,108005108.000,11200,16.510,22114,16.500,500,16.480,1500,16.460,27200,16.450,17900,16.520,39130,16.530,19400,16.540,20800,16.550,25800,16.560,2016-07-07,15:00:00,00";
var hq_str_sh600059="古越龙山,10.810,10.780,10.530,10.820,10.480,10.530,10.540,19592773,207939673.000,300,10.530,22300,10.520,16500,10.510,64800,10.500,17000,10.490,49703,10.540,201900,10.550,55500,10.560,60150,10.570,14600,10.580,2016-07-07,15:00:00,00";
var hq_str_sh600060="海信电器,17.650,17.680,17.640,17.800,17.480,17.620,17.640,13718273,241649742.000,57550,17.620,5600,17.610,35300,17.600,57264,17.590,19700,17.580,4900,17.640,21498,17.650,41200,17.660,31200,17.670,75458,17.680,2016-07-07,15:00:00,00";
var hq_str_sh600062="华润双鹤,18.720,18.690,18.610,18.980,18.560,18.620,18.630,11045537,207628102.000,5000,18.620,26500,18.610,18600,18.600,10700,18.590,10400,18.580,1700,18.630,7300,18.640,23727,18.650,6000,18.690,11200,18.700,2016-07-07,15:00:00,00";
var hq_str_sh600063="皖维高新,4.600,4.620,4.590,4.630,4.540,4.580,4.590,12929799,59247265.000,101278,4.580,142200,4.570,115000,4.560,296997,4.550,154300,4.540,74400,4.590,155670,4.600,186900,4.610,244900,4.620,359400,4.630,2016-07-07,15:00:00,00";
var hq_str_sh600066="宇通客车,20.450,20.450,20.490,20.640,20.340,20.470,20.480,10236509,209575539.000,14500,20.470,12100,20.460,27100,20.450,38200,20.440,27200,20.430,15600,20.480,2000,20.490,4500,20.500,3100,20.510,9100,20.520,2016-07-07,15:00:00,00";
var hq_str_sh600069="银鸽投资,6.380,6.360,6.230,6.400,6.170,6.220,6.230,16559820,103729362.000,69500,6.220,50500,6.210,234000,6.200,162200,6.190,297497,6.180,168900,6.230,38128,6.240,54200,6.250,62800,6.260,1300,6.270,2016-07-07,15:00:00,00";
var hq_str_sh600070="浙江富润,15.780,15.830,15.560,16.070,15.510,15.560,15.570,11007769,173256049.000,10200,15.560,8438,15.550,5900,15.540,9000,15.530,8800,15.520,3200,15.570,8200,15.580,6100,15.590,12100,15.600,1000,15.630,2016-07-07,15:00:00,00";
var hq_str_sh600071="凤凰光学,30.130,30.110,29.600,30.280,28.900,29.600,29.610,2382146,70397514.000,8200,29.600,1000,29.590,200,29.480,800,29.460,4890,29.450,2300,29.610,3900,29.620,3500,29.630,5100,29.670,1400,29.700,2016-07-07,15:00:00,00";
var hq_str_sh600072="钢构工程,15.340,15.370,15.270,15.340,14.890,15.280,15.290,12959088,195814953.000,1899,15.280,700,15.270,500,15.260,4600,15.250,2800,15.240,31300,15.290,57749,15.300,6900,15.310,55200,15.320,22000,15.330,2016-07-07,15:00:00,00";
var hq_str_sh600073="上海梅林,11.750,11.740,11.760,11.940,11.600,11.750,11.760,20929790,246301209.000,12570,11.750,55920,11.740,38900,11.730,70500,11.720,4400,11.710,5400,11.760,77200,11.770,26400,11.780,24900,11.790,146900,11.800,2016-07-07,15:00:00,00";
var hq_str_sh600074="保千里,14.960,14.990,14.930,15.000,14.750,14.920,14.930,18554775,276000400.000,70821,14.920,48900,14.910,148310,14.900,9600,14.890,24800,14.880,25000,14.930,43456,14.940,97000,14.950,43100,14.960,26700,14.970,2016-07-07,15:00:00,00";
var hq_str_sh600075="新疆天业,11.750,11.750,11.560,11.870,11.450,11.550,11.560,12604294,146656314.000,15700,11.550,6400,11.540,10400,11.530,15200,11.520,34600,11.510,4100,11.560,2500,11.570,42129,11.580,31500,11.590,14900,11.600,2016-07-07,15:00:00,00";
var hq_str_sh600076="康欣新材,14.960,14.810,15.260,15.460,14.920,15.250,15.270,15819713,240429688.000,79196,15.250,22506,15.240,11800,15.230,12300,15.220,9200,15.210,87798,15.270,90200,15.280,77800,15.290,139000,15.300,4900,15.310,2016-07-07,15:00:00,00";
var hq_str_sh600078="澄星股份,6.650,6.650,6.670,6.780,6.590,6.670,6.680,18009339,120372338.000,71300,6.670,59200,6.660,94800,6.650,214900,6.640,23600,6.630,41300,6.680,100000,6.690,106000,6.700,105300,6.710,66200,6.720,2016-07-07,15:00:00,00";
var hq_str_sh600079="人福医药,16.880,16.890,17.430,17.660,16.850,17.420,17.430,33216946,578773991.000,10690,17.420,29400,17.410,25200,17.400,197800,17.390,9600,17.380,9000,17.430,57200,17.440,72800,17.450,24600,17.460,87578,17.470,2016-07-07,15:00:00,00";
var hq_str_sh600080="金花股份,11.680,11.640,11.620,11.750,11.400,11.620,11.630,7712797,89381096.000,600,11.620,5600,11.600,1500,11.590,27200,11.580,65090,11.570,1300,11.630,5099,11.640,10800,11.650,6500,11.660,27800,11.670,2016-07-07,15:00:00,00";
var hq_str_sh600081="东风科技,16.380,16.500,16.750,16.900,16.380,16.750,16.760,9580071,159934688.000,9700,16.750,15900,16.740,27700,16.730,21186,16.720,21000,16.710,3400,16.760,37400,16.770,45636,16.780,71600,16.790,97600,16.800,2016-07-07,15:00:00,00";
var hq_str_sh600083="博信股份,20.800,20.830,20.630,21.180,20.600,20.650,20.660,2887256,60360881.000,800,20.650,5100,20.640,3700,20.630,4200,20.620,700,20.610,3600,20.660,1000,20.670,1600,20.750,4101,20.760,5000,20.780,2016-07-07,15:00:00,00";
var hq_str_sh600084="中葡股份,6.500,6.590,6.460,6.570,6.350,6.450,6.460,15572378,100592694.000,41935,6.450,32700,6.440,57300,6.430,107762,6.420,86300,6.410,11250,6.460,80200,6.470,134500,6.480,67900,6.490,154700,6.500,2016-07-07,15:00:00,00";
var hq_str_sh600085="同仁堂,30.880,31.060,31.580,33.230,30.750,31.590,31.600,26118449,837172064.000,8800,31.590,28600,31.580,12854,31.570,700,31.560,13000,31.550,83848,31.600,5200,31.610,1400,31.620,4000,31.630,1600,31.640,2016-07-07,15:00:00,00";
var hq_str_sh600086="东方金钰,10.470,10.570,10.690,11.240,10.300,10.680,10.690,80582718,867975682.000,86400,10.680,72600,10.670,38100,10.660,94900,10.650,18500,10.640,15000,10.690,1500,10.700,43390,10.710,139400,10.720,72600,10.730,2016-07-07,15:00:00,00";
var hq_str_sh600089="特变电工,8.580,8.590,8.540,8.620,8.500,8.540,8.550,20067213,171597564.000,44471,8.540,203900,8.530,102000,8.520,215600,8.510,679200,8.500,159409,8.550,164600,8.560,223031,8.570,778832,8.580,229700,8.590,2016-07-07,15:00:00,00";
var hq_str_sh600090="啤酒花,12.880,12.790,12.800,13.060,12.700,12.810,12.820,10661653,137009879.000,13,12.810,4200,12.800,98500,12.790,22975,12.780,24600,12.770,21100,12.820,34321,12.830,14300,12.840,12200,12.850,5500,12.860,2016-07-07,15:00:00,00";
var hq_str_sh600091="ST明科,0.000,11.230,11.230,0.000,0.000,0.000,0.000,0,0.000,0,0.000,0,0.000,0,0.000,0,0.000,0,0.000,0,0.000,0,0.000,0,0.000,0,0.000,0,0.000,2016-07-07,15:00:00,03";
var hq_str_sh600093="禾嘉股份,12.910,12.970,13.330,13.510,12.900,13.310,13.320,9273270,122841407.000,600,13.310,15514,13.300,43267,13.290,23200,13.280,10000,13.270,1400,13.320,10524,13.330,16700,13.340,11800,13.350,21200,13.360,2016-07-07,15:00:00,00";
var hq_str_sh600095="哈高科,9.600,9.610,9.560,9.660,9.430,9.530,9.540,5006565,47907185.000,10448,9.530,11100,9.520,57100,9.510,41550,9.500,8900,9.490,66000,9.540,1700,9.560,5446,9.570,3300,9.580,6800,9.590,2016-07-07,15:00:00,00";
var hq_str_sh600096="云天化,9.450,9.430,9.730,9.770,9.380,9.720,9.730,28765000,276093845.000,130450,9.720,32800,9.710,34736,9.700,39700,9.690,34500,9.680,82000,9.730,260041,9.740,178800,9.750,182700,9.760,163900,9.770,2016-07-07,15:00:00,00";
var hq_str_sh600099="林海股份,12.100,12.060,11.950,12.130,11.730,11.960,11.980,5007256,59846851.000,700,11.960,1000,11.950,9000,11.900,7757,11.890,19200,11.880,2802,11.980,45260,11.990,36900,12.000,5200,12.010,8200,12.020,2016-07-07,15:00:00,00";
var hq_str_sh600100="XD同方股,15.550,15.600,15.310,15.570,15.180,15.300,15.310,52287062,803027544.000,69650,15.300,226700,15.290,171300,15.280,16500,15.270,53800,15.260,5000,15.310,60760,15.320,133104,15.330,97200,15.340,58500,15.350,2016-07-07,15:00:00,00";
var hq_str_sh600103="青山纸业,5.460,5.450,5.370,5.460,5.300,5.370,5.380,25808069,138453311.000,20900,5.370,124845,5.360,287600,5.350,178793,5.340,286324,5.330,54173,5.380,98800,5.390,85000,5.400,75400,5.410,124000,5.420,2016-07-07,15:00:00,00";
var hq_str_sh600104="上汽集团,21.250,21.140,21.210,21.330,21.080,21.190,21.200,24561058,520631565.000,13600,21.190,16345,21.180,246738,21.170,600,21.160,20600,21.150,11107,21.200,255648,21.210,434364,21.220,114100,21.230,69600,21.240,2016-07-07,15:00:00,00";
var hq_str_sh600105="永鼎股份,9.620,9.620,9.640,10.100,9.540,9.650,9.660,30489589,298337275.000,17300,9.650,9100,9.640,13800,9.630,72800,9.620,88500,9.610,43900,9.660,6700,9.670,19900,9.680,3000,9.690,40200,9.700,2016-07-07,15:00:00,00";
var hq_str_sh600107="美尔雅,20.030,20.080,20.070,20.190,19.850,20.020,20.030,5935464,118996182.000,200,20.020,6900,20.010,26600,20.000,6100,19.980,500,19.970,200,20.030,1200,20.070,25800,20.080,41141,20.090,21300,20.100,2016-07-07,15:00:00,00";
var hq_str_sh600110="诺德股份,0.000,9.890,9.890,0.000,0.000,0.000,0.000,0,0.000,0,0.000,0,0.000,0,0.000,0,0.000,0,0.000,0,0.000,0,0.000,0,0.000,0,0.000,0,0.000,2016-07-07,15:00:00,03";
