100270811
1005123867
10071487
1010254915
1010466788
1010770669
1015122682
1015502007
1015877902
1019491985
1020047874
1020333639
1021481665
1021905700
1023094814
1023826863
1024788184
1025583836
1028864925
102902934
1031317806
1032209500
1032769528
1034255644
1034996580
1036187561
1039917730
1042514088
1042523916
1043115293
1043869116
1044563728
1047380194
1047530524
1048358945
1048417686
1049236563
1049551785
1049835279
1051268077
1051590646
1053618636
1053759177
1056089794
1056314703
1056671843
1056800800
1060343434
106051897
106116872
1061449734
1065314800
1065677419
1065800800
1071535401
1071591272
1074216264
1076069228
1076281814
1090930627
1092685127
1094807717
1095326028
1097155131
1105074497
1114015121
1121853070
1123602594
1127173874
1127177044
1129770833
1129805572
1132029301
1132224346
1135882483
1138139787
1140563408
1144068715
1144173048
1144247432
1148728004
1148944150
1149375821
1149643983
1149984527
1150222555
1156141327
1160142632
1160663315
116096253
1163763632
1163830149
1165290590
1169606711
1169841950
1175055857
1181837486
1184697601
1186273936
11883296
119093621
1191577401
1193350132
119623061
1197596604
1198624567
120316918
1203460788
1204007548
1204141617
120734101
1208116027
1210097516
1213102123
121317631
1214305351
121462043
121898629
1220311414
1224244071
122851572
1228723136
123439867
123454866
12404839
1241765081
1246340666
1250081261
1253266284
1256196844
1257099678
1257428583
1258444549
1259481020
1263200557
1263567419
1272048973
1275758603
1277544502
1277558190
1279650886
1282197655
1282399562
1290695331
1292884179
1292964530
130170017
1302674345
130666617
1309205318
1310347371
1317247652
1321152584
1322681361
1324663728
1328559667
1329581074
1330090221
1330897645
1336685035
1341701776
1348694603
1352345519
1352514601
1352879857
136045277
136367734
136591450
1366508190
1367233166
13684587
1374983133
1375931311
1377107189
137725630
1377699228
137856735
137876205
1378778506
1378871037
1397628000
139965659
1400356547
1400639419
1401354763
1409093701
1414632002
1417714681
1418271449
1422895128
1427309720
1430140259
1436747139
1442943634
1447434601
1453619666
1454211684
14644082
1464902157
1466128781
1467264608
1478825484
147893145
1480965030
1487315598
1489573464
149967524
1500645993
1503678575
1506661312
1507655812
151695122
151851965
1522272434
152309246
1523489580
1526095574
1528054090
153107899
153126436
153126664
1531913496
15448510
1545003210
1546951793
154945901
155098507
1553764889
1554428225
156187485
1565173645
1571383942
15731534
157887420
1580033233
1582565986
1583226162
1584628886
15972801
1606940100
1607747906
1617236025
1619103368
1622287769
1632813240
1635107431
1647863807
164936203
1650101127
1650647522
1653378611
1657776088
1664316263
1668767598
16829249
17100191
171861323
1719662073
1724219199
173386747
17354001
1737160311
1741934501
1750686723
1751611250
1762913598
1766891049
1770467028
1783713928
1786572058
1791759684
1792201958
179296198
179711964
179888513
179979163
1806067661
1806168045
1806885990
1820405927
182108803
1823670953
182387096
1826740343
183053777
1847091580
1848518093
184895067
1850926
187006205
1877765526
189174944
1900633464
190227296
190404628
1905225240
191226139
1914279252
191587348
191614541
191758704
1918512478
1924747955
1928355178
1930363377
1931330336
1932501456
1935003414
19506044
1953228944
1953488110
1953498222
1953705297
1956989616
1965241871
1974655618
1977278880
1984534268
1990398497
201255854
2015460694
2028567203
2033487213
2051275977
2057684282
2059398229
2066343961
207098257
2072463567
207565069
2078952805
208604814
2090976185
2092831392
20937133
2102484322
2108299319
2111896980
2112295088
2112367356
2115602599
2119126039
2146099620
2153517521
215527630
2164567686
2165572147
2175388540
2206096841
2209933733
2212352289
2213826090
2224041406
2232772559
2239508307
2243241355
224876879
2253538281
225493987
2263260462
2265223593
2274295174
2278674367
228226092
2287769248
228844797
2290737420
229445819
229505755
23162174
2317744862
2318343008
2331323937
23442866
2351559708
2355816966
2358235456
2360009108
236244781
2368030424
2368640663
2371159591
2371643861
2374169865
237586329
237743275
2390693872
2392777403
240103268
240362143
240692280
24115536
2422606568
2425872283
2426595849
243252406
2432603465
2433097548
243368674
2434871705
2437619030
243774064
2442157861
24428353
244290862
2444383196
2448389622
2448465083
244946911
2450254596
245211156
245269465
2453433605
245908530
2467529454
2472843170
2479974939
2488809638
249009460
2490693407
249866567
25010944
2510711346
252185674
252825916
2538199445
2544669318
25463204
254636593
254864791
2548829450
2556648159
2562763980
2564692806
2565612428
2583795664
2584758586
2589753406
261504093
2621633663
2625035112
2625695617
2633585966
2638094233
2643392939
2645093061
2651749714
26530806
26542701
2654709623
2655254920
2655450457
2662407934
267065839
2675142924
2678278451
2687916943
269214019
270317490
27050828
2705833120
271166974
271239624
27253634
272753632
272846319
273309890
2733143
2738387073
2745302963
274668122
274938032
276080398
2766478497
2767487773
276754498
2768881880
276891970
2776470081
277807296
279803099
279835182
2799417455
280084132
2802178909
2802992512
280853553
2809860184
281006617
281008102
2818753708
281952182
282080335
2821123913
282671973
2832880358
283348024
2833531338
2840892093
284302104
2846901494
284798996
284944196
2850501192
2850840227
2851140018
285477134
286056245
287106800
2881495525
2881795405
2889325736
2893042848
2896457811
289812262
289928528
2902702156
290559038
290719428
29113358
2915483695
2917993846
2927767773
2941403079
294193845
2942967215
2948077652
2953979588
295657113
295984047
2961959702
2964434371
296839136
2980985113
2985717140
2993895632
2996917197
301652
3024246563
3026392581
3028924948
303404348
3038943378
3046532833
304868217
305039273
3050813487
305721480
305815850
3066309842
306633123
306779575
306799844
3068965319
3071519757
307206934
307296247
307670168
307858467
307860278
307928282
308132579
3082319702
308444582
3086285689
309212810
3094991068
310374867
3105927220
3112704004
3114981569
312657743
312968869
312969034
313114925
313124885
3134113869
3136708231
314927879
3157222710
316020336
316466575
317822276
3198545520
321520663
3229669425
3243302714
3245284410
3258089154
326292726
3275182868
3277181512
327806883
3288843404
3290271705
33018944
330711342
3311816820
3312695610
331381180
3314281929
331616234
331859282
3321192680
3322651724
332397740
332719434
3334954421
3344269539
3345562485
334724941
3351738368
335444189
3355423376
3355974669
33616745
33653188
3372841846
3375928249
337909143
33823347
3385128327
3390709002
3395589734
3395658400
33957776
339605552
3396322070
3402803784
3407125
3407699808
3409899830
3411933624
342024838
3420545891
342129019
3425565080
3427958059
343359771
343493690
344044625
3440453856
344468043
344551412
344593137
3448018322
3456607927
3457006392
3457732773
3460093989
3460754722
346370945
34753792
348408257
349071257
349624832
349832318
3517869842
352717846
3527341791
353957175
354905749
357638535
357906878
358253635
358906309
359712623
359801807
359963174
36002582
360281843
361022391
361613493
361646630
361716600
36284438
362860648
365060311
365358940
365491041
365842750
370891880
372425710
373652394
373698180
374413301
376596398
378676401
378695970
379273045
380249315
380308097
380357892
38083371
381202684
381661
382803899
383042466
383082640
383854294
383991557
386701882
38827534
389172946
389179740
389875033
390997355
39233571
393384793
394811055
394959590
395046871
395194514
395804652
396640321
397695998
397988793
398163660
39905349
403199621
403666704
404287804
404886235
405059886
406853323
406999665
407185033
407245524
408633695
408668252
408997137
409669098
410377712
410547658
410566413
412595942
413345731
413806083
414109829
414377410
415308644
415836669
417106046
418305938
418575930
419644560
420552547
420741948
421391112
421487415
421496142
422761446
422800820
425362142
426711929
42760305
42936481
429445725
429491367
438576572
441274636
443766445
444588365
4446987
44480466
444954571
445044628
445316774
447944390
448079224
448177445
448437341
448976580
450082337
450554370
451223847
451453592
452985064
453465955
453515806
453907336
453920869
454442917
454452293
459807456
459830045
460186709
4604404
460865591
461784132
462525725
463364272
464740
465027687
466069165
46625113
466928773
46838722
470276559
470795679
470862989
471558465
471620401
472260043
472948538
473808382
474043595
474072281
474304957
474956804
477713032
478207789
481215209
484539115
487099406
490081539
490526787
490612004
490703705
490836924
491443146
493475695
493828404
496013218
496470042
496924980
496934328
49751953
498501258
499438463
502399499
503617690
504001056
50408663
504796082
506777673
507600396
5097677
512592863
512871740
513460837
514052737
514081681
51412708
515400883
515575174
516205607
516249528
517756027
52210968
522184585
523551862
523812162
52404891
524817973
525559804
526194989
526208395
526404483
526453770
526877001
526923971
52719340
52745909
52994391
530264127
530872206
531908902
531918009
532981719
535129101
535261431
535792976
53590260
536204988
536576763
53945072
540584128
541241544
543171106
543259736
54351514
543552409
544389697
54469707
544977389
545881075
545886131
546336902
546468918
54691295
5471769
547207484
547532794
547886514
5485554
551187613
553141516
55354517
553859445
553889841
554051084
554301430
554636126
55720396
5622934
562629704
563643443
564028361
564344869
569964801
573205107
574878649
5755913
578362346
578642210
578775365
58066875
58169382
58307867
591894800
59224146
593402583
593912993
594659879
594737121
595171801
595928473
596798639
597059013
597127908
597547758
597985317
598274157
599445607
603028699
6034949
603556434
604313052
604387995
604603443
604872817
604919936
605075847
609426035
610512839
61114099
61196135
613961636
619084532
619370209
623528985
624843426
627277482
627398721
627443839
632750081
6334167
63349072
63388
6372622
6379863
64134800
641798730
642995790
64324613
645248882
645631686
646154945
648392704
648885261
648937283
6493550
649882107
651369488
651976093
652581055
652627976
653392026
657672853
659899592
66650936
670457768
670675473
670837371
672381992
674061875
674638182
674723
674962264
675427561
67670238
676931854
6771316
68255042
690080300
690431413
690541337
691233225
693614965
694428550
695325102
695571515
695952505
702634670
703813698
705105029
706644200
708817493
709205164
710746310
712090080
71555572
715671966
717437753
717950989
718008392
718305088
718803871
718888600
719235492
719576343
719901656
719916168
721794930
724428344
727172284
729334946
729894823
731137336
731314565
732386624
734491960
736947283
739326399
740745093
740790166
740845696
741080719
743551974
744029845
744154725
745221877
745723923
745798096
746296590
746383984
747261942
748481599
748845236
754101775
754536261
75562091
757248228
757433089
757461768
759162529
759177395
760802925
76293111
763419070
76416847
764295360
765175651
765651791
767275048
767525375
767935610
769421001
769824740
770855942
771321527
771750807
772572194
77358897
773919878
774070635
775679542
775769630
778051238
778323309
779487935
779772351
783335944
783902642
784611361
784865321
786186944
786832076
787839657
790413305
790709592
790902240
791493016
791768518
79187416
792027350
792103979
792409020
793347799
794600658
794937171
79590007
798764472
799972572
805211473
805322418
806321554
806471466
806641926
80761741
809451989
809804093
810316129
810579996
810769649
812370096
812521768
812707373
812716296
813376292
814742571
815551282
815553543
815695510
81802102
819388906
820393117
8206673
820852002
821089258
821258496
821338860
822637256
823890165
824017239
824377901
827098249
827157854
827481089
827685836
827970893
83094854
83262879
835580702
835714651
836067939
837055744
837193102
837590673
837633677
837795744
83987559
842763762
842772844
843822508
843865781
844315639
844798010
846651656
848211170
851035203
85110082
851110276
851223969
851462419
851668663
852133656
853488156
854236220
857276153
860344780
861138181
86194921
863356299
864270083
864458581
865581497
867468837
867877186
86801829
86939950
870331942
870944228
871346747
872723999
872728122
873581531
875469342
8762218
876915588
878684353
879675643
879827630
87997637
88137099
892075352
892085563
893335152
893664092
893990872
894513081
894610380
894781162
895417886
895689659
896405982
896522230
896703700
896731809
898706186
898895092
9006534
903080
903464207
903697947
904261233
907215837
907274532
908765144
910484502
910531958
910568509
9112575
912189507
912424981
914917544
915349761
915615960
916253052
919680596
920572719
923017835
923333503
923994800
924363299
9251209
925277770
927700543
928188893
929041889
930201816
932048623
932269183
934914780
934921194
935727059
936233838
937971247
939473694
939558108
94302269
945645416
947716959
949310691
951402124
95312347
95441513
954445140
957919102
958186957
960472482
960565624
961350107
963313524
963617351
965629973
9681468
969138839
969993325
971445096
971884300
971982596
971995582
972449106
972598996
974238197
974746352
976207298
977856116
978889187
979707787
980080702
980348686
980549613
981267080
982204830
982574687
983036890
983297110
983407383
98741430
99138408
993099270
996604587
996694995
996938143
9989573
